# Description of the instance:
# J number of parts
# K Number of machines
# T Number of periods (weeks)
# Production rate of part j in machine k, r[j,k] matrix. If a machine k is not able to produce part j, the value is 0.
# Changeover time from part i to part j, c[i,j] matrix.
# Inventory position of part j in period t matrix.
# Capacity (number of hours) of machine k in period t matrix.
# Priority for producing part j on machine k matrix. If p[k,j] = 0, then machine k is the preferred machine for part j.
# --- If k is the second preferred machine for producing part j, then p[k,j] = 1, and so on.
#
# A blank line is needed after the header:

58
2
12
900 900 
851 851 
753 753 
884 884 
1359 1359 
1244 1244 
933 933 
786 786 
753 753 
851 0 
753 0 
524 0 
0 704 
0 835 
0 687 
0 818 
0 720 
0 704 
0 622 
0 294 
556 0 
442 0 
360 0 
503 0 
360 0 
425 0 
360 0 
360 0 
491 0 
917 0 
687 0 
802 0 
638 573 
524 524 
393 393 
769 671 
638 524 
655 606 
638 638 
737 737 
835 835 
0 475 
655 655 
737 720 
704 720 
0 884 
0 884 
720 818 
589 687 
0 818 
0 851 
0 851 
0 851 
0 884 
0 524 
0 556 
0 311 
0 327 
0 3 3 3 3 3 3 3 10 10 10 10 10 10 10 10 10 10 10 10 10 10 10 10 10 10 10 10 10 10 10 10 10 10 10 10 10 10 10 10 10 10 10 10 10 10 10 10 10 10 10 10 10 10 10 10 10 10 
3 0 3 3 3 3 3 3 10 10 10 10 10 10 10 10 10 10 10 10 10 10 10 10 10 10 10 10 10 10 10 10 10 10 10 10 10 10 10 10 10 10 10 10 10 10 10 10 10 10 10 10 10 10 10 10 10 10 
3 3 0 3 3 3 3 3 10 10 10 10 10 10 10 10 10 10 10 10 10 10 10 10 10 10 10 10 10 10 10 10 10 10 10 10 10 10 10 10 10 10 10 10 10 10 10 10 10 10 10 10 10 10 10 10 10 10 
3 3 3 0 3 3 3 3 10 10 10 10 10 10 10 10 10 10 10 10 10 10 10 10 10 10 10 10 10 10 10 10 10 10 10 10 10 10 10 10 10 10 10 10 10 10 10 10 10 10 10 10 10 10 10 10 10 10 
3 3 3 3 0 3 3 3 10 10 10 10 10 10 10 10 10 10 10 10 10 10 10 10 10 10 10 10 10 10 10 10 10 10 10 10 10 10 10 10 10 10 10 10 10 10 10 10 10 10 10 10 10 10 10 10 10 10 
3 3 3 3 3 0 3 3 10 10 10 10 10 10 10 10 10 10 10 10 10 10 10 10 10 10 10 10 10 10 10 10 10 10 10 10 10 10 10 10 10 10 10 10 10 10 10 10 10 10 10 10 10 10 10 10 10 10 
3 3 3 3 3 3 0 3 10 10 10 10 10 10 10 10 10 10 10 10 10 10 10 10 10 10 10 10 10 10 10 10 10 10 10 10 10 10 10 10 10 10 10 10 10 10 10 10 10 10 10 10 10 10 10 10 10 10 
3 3 3 3 3 3 3 0 10 10 10 10 10 10 10 10 10 10 10 10 10 10 10 10 10 10 10 10 10 10 10 10 10 10 10 10 10 10 10 10 10 10 10 10 10 10 10 10 10 10 10 10 10 10 10 10 10 10 
10 10 10 10 10 10 10 10 0 10 10 10 10 10 10 10 10 10 10 10 10 10 10 10 10 10 10 10 10 10 10 10 10 10 10 10 10 10 10 10 10 10 10 10 10 10 10 10 10 10 10 10 10 10 10 10 10 10 
10 10 10 10 10 10 10 10 10 0 3 3 10 10 10 10 10 10 10 10 10 10 10 10 10 10 10 10 10 10 10 10 10 10 10 10 10 10 10 10 10 10 10 10 10 10 10 10 10 10 10 10 10 10 10 10 10 10 
10 10 10 10 10 10 10 10 10 3 0 3 10 10 10 10 10 10 10 10 10 10 10 10 10 10 10 10 10 10 10 10 10 10 10 10 10 10 10 10 10 10 10 10 10 10 10 10 10 10 10 10 10 10 10 10 10 10 
10 10 10 10 10 10 10 10 10 3 3 0 10 10 10 10 10 10 10 10 10 10 10 10 10 10 10 10 10 10 10 10 10 10 10 10 10 10 10 10 10 10 10 10 10 10 10 10 10 10 10 10 10 10 10 10 10 10 
10 10 10 10 10 10 10 10 10 10 10 10 0 3 3 3 10 10 10 10 10 10 10 10 10 10 10 10 10 10 10 10 10 10 10 10 10 10 10 10 10 10 10 10 10 10 10 10 10 10 10 10 10 10 10 10 10 10 
10 10 10 10 10 10 10 10 10 10 10 10 3 0 3 3 10 10 10 10 10 10 10 10 10 10 10 10 10 10 10 10 10 10 10 10 10 10 10 10 10 10 10 10 10 10 10 10 10 10 10 10 10 10 10 10 10 10 
10 10 10 10 10 10 10 10 10 10 10 10 3 3 0 3 10 10 10 10 10 10 10 10 10 10 10 10 10 10 10 10 10 10 10 10 10 10 10 10 10 10 10 10 10 10 10 10 10 10 10 10 10 10 10 10 10 10 
10 10 10 10 10 10 10 10 10 10 10 10 3 3 3 0 10 10 10 10 10 10 10 10 10 10 10 10 10 10 10 10 10 10 10 10 10 10 10 10 10 10 10 10 10 10 10 10 10 10 10 10 10 10 10 10 10 10 
10 10 10 10 10 10 10 10 10 10 10 10 10 10 10 10 0 3 3 3 10 10 10 10 10 10 10 10 10 10 10 10 10 10 10 10 10 10 10 10 10 10 10 10 10 10 10 10 10 10 10 10 10 10 10 10 10 10 
10 10 10 10 10 10 10 10 10 10 10 10 10 10 10 10 3 0 3 3 10 10 10 10 10 10 10 10 10 10 10 10 10 10 10 10 10 10 10 10 10 10 10 10 10 10 10 10 10 10 10 10 10 10 10 10 10 10 
10 10 10 10 10 10 10 10 10 10 10 10 10 10 10 10 3 3 0 3 10 10 10 10 10 10 10 10 10 10 10 10 10 10 10 10 10 10 10 10 10 10 10 10 10 10 10 10 10 10 10 10 10 10 10 10 10 10 
10 10 10 10 10 10 10 10 10 10 10 10 10 10 10 10 3 3 3 0 10 10 10 10 10 10 10 10 10 10 10 10 10 10 10 10 10 10 10 10 10 10 10 10 10 10 10 10 10 10 10 10 10 10 10 10 10 10 
10 10 10 10 10 10 10 10 10 10 10 10 10 10 10 10 10 10 10 10 0 3 3 3 3 10 10 10 10 10 10 10 10 10 10 10 10 10 10 10 10 10 10 10 10 10 10 10 10 10 10 10 10 10 10 10 10 10 
10 10 10 10 10 10 10 10 10 10 10 10 10 10 10 10 10 10 10 10 3 0 3 3 3 10 10 10 10 10 10 10 10 10 10 10 10 10 10 10 10 10 10 10 10 10 10 10 10 10 10 10 10 10 10 10 10 10 
10 10 10 10 10 10 10 10 10 10 10 10 10 10 10 10 10 10 10 10 3 3 0 3 3 10 10 10 10 10 10 10 10 10 10 10 10 10 10 10 10 10 10 10 10 10 10 10 10 10 10 10 10 10 10 10 10 10 
10 10 10 10 10 10 10 10 10 10 10 10 10 10 10 10 10 10 10 10 3 3 3 0 3 10 10 10 10 10 10 10 10 10 10 10 10 10 10 10 10 10 10 10 10 10 10 10 10 10 10 10 10 10 10 10 10 10 
10 10 10 10 10 10 10 10 10 10 10 10 10 10 10 10 10 10 10 10 3 3 3 3 0 10 10 10 10 10 10 10 10 10 10 10 10 10 10 10 10 10 10 10 10 10 10 10 10 10 10 10 10 10 10 10 10 10 
10 10 10 10 10 10 10 10 10 10 10 10 10 10 10 10 10 10 10 10 10 10 10 10 10 0 3 3 3 10 10 10 10 10 10 10 10 10 10 10 10 10 10 10 10 10 10 10 10 10 10 10 10 10 10 10 10 10 
10 10 10 10 10 10 10 10 10 10 10 10 10 10 10 10 10 10 10 10 10 10 10 10 10 3 0 3 3 10 10 10 10 10 10 10 10 10 10 10 10 10 10 10 10 10 10 10 10 10 10 10 10 10 10 10 10 10 
10 10 10 10 10 10 10 10 10 10 10 10 10 10 10 10 10 10 10 10 10 10 10 10 10 3 3 0 3 10 10 10 10 10 10 10 10 10 10 10 10 10 10 10 10 10 10 10 10 10 10 10 10 10 10 10 10 10 
10 10 10 10 10 10 10 10 10 10 10 10 10 10 10 10 10 10 10 10 10 10 10 10 10 3 3 3 0 10 10 10 10 10 10 10 10 10 10 10 10 10 10 10 10 10 10 10 10 10 10 10 10 10 10 10 10 10 
10 10 10 10 10 10 10 10 10 10 10 10 10 10 10 10 10 10 10 10 10 10 10 10 10 10 10 10 10 0 3 3 10 10 10 10 10 10 10 10 10 10 10 10 10 10 10 10 10 10 10 10 10 10 10 10 10 10 
10 10 10 10 10 10 10 10 10 10 10 10 10 10 10 10 10 10 10 10 10 10 10 10 10 10 10 10 10 3 0 3 10 10 10 10 10 10 10 10 10 10 10 10 10 10 10 10 10 10 10 10 10 10 10 10 10 10 
10 10 10 10 10 10 10 10 10 10 10 10 10 10 10 10 10 10 10 10 10 10 10 10 10 10 10 10 10 3 3 0 10 10 10 10 10 10 10 10 10 10 10 10 10 10 10 10 10 10 10 10 10 10 10 10 10 10 
10 10 10 10 10 10 10 10 10 10 10 10 10 10 10 10 10 10 10 10 10 10 10 10 10 10 10 10 10 10 10 10 0 3 3 3 3 3 10 10 10 10 10 10 10 10 10 10 10 10 10 10 10 10 10 10 10 10 
10 10 10 10 10 10 10 10 10 10 10 10 10 10 10 10 10 10 10 10 10 10 10 10 10 10 10 10 10 10 10 10 3 0 3 3 3 3 10 10 10 10 10 10 10 10 10 10 10 10 10 10 10 10 10 10 10 10 
10 10 10 10 10 10 10 10 10 10 10 10 10 10 10 10 10 10 10 10 10 10 10 10 10 10 10 10 10 10 10 10 3 3 0 3 3 3 10 10 10 10 10 10 10 10 10 10 10 10 10 10 10 10 10 10 10 10 
10 10 10 10 10 10 10 10 10 10 10 10 10 10 10 10 10 10 10 10 10 10 10 10 10 10 10 10 10 10 10 10 3 3 3 0 3 3 10 10 10 10 10 10 10 10 10 10 10 10 10 10 10 10 10 10 10 10 
10 10 10 10 10 10 10 10 10 10 10 10 10 10 10 10 10 10 10 10 10 10 10 10 10 10 10 10 10 10 10 10 3 3 3 3 0 3 10 10 10 10 10 10 10 10 10 10 10 10 10 10 10 10 10 10 10 10 
10 10 10 10 10 10 10 10 10 10 10 10 10 10 10 10 10 10 10 10 10 10 10 10 10 10 10 10 10 10 10 10 3 3 3 3 3 0 10 10 10 10 10 10 10 10 10 10 10 10 10 10 10 10 10 10 10 10 
10 10 10 10 10 10 10 10 10 10 10 10 10 10 10 10 10 10 10 10 10 10 10 10 10 10 10 10 10 10 10 10 10 10 10 10 10 10 0 3 3 10 10 10 10 10 10 10 10 10 10 10 10 10 10 10 10 10 
10 10 10 10 10 10 10 10 10 10 10 10 10 10 10 10 10 10 10 10 10 10 10 10 10 10 10 10 10 10 10 10 10 10 10 10 10 10 3 0 3 10 10 10 10 10 10 10 10 10 10 10 10 10 10 10 10 10 
10 10 10 10 10 10 10 10 10 10 10 10 10 10 10 10 10 10 10 10 10 10 10 10 10 10 10 10 10 10 10 10 10 10 10 10 10 10 3 3 0 10 10 10 10 10 10 10 10 10 10 10 10 10 10 10 10 10 
10 10 10 10 10 10 10 10 10 10 10 10 10 10 10 10 10 10 10 10 10 10 10 10 10 10 10 10 10 10 10 10 10 10 10 10 10 10 10 10 10 0 3 3 10 10 10 10 10 10 10 10 10 10 10 10 10 10 
10 10 10 10 10 10 10 10 10 10 10 10 10 10 10 10 10 10 10 10 10 10 10 10 10 10 10 10 10 10 10 10 10 10 10 10 10 10 10 10 10 3 0 3 10 10 10 10 10 10 10 10 10 10 10 10 10 10 
10 10 10 10 10 10 10 10 10 10 10 10 10 10 10 10 10 10 10 10 10 10 10 10 10 10 10 10 10 10 10 10 10 10 10 10 10 10 10 10 10 3 3 0 10 10 10 10 10 10 10 10 10 10 10 10 10 10 
10 10 10 10 10 10 10 10 10 10 10 10 10 10 10 10 10 10 10 10 10 10 10 10 10 10 10 10 10 10 10 10 10 10 10 10 10 10 10 10 10 10 10 10 0 10 10 10 10 10 10 10 10 10 10 10 10 10 
10 10 10 10 10 10 10 10 10 10 10 10 10 10 10 10 10 10 10 10 10 10 10 10 10 10 10 10 10 10 10 10 10 10 10 10 10 10 10 10 10 10 10 10 10 0 3 10 10 10 10 10 10 10 10 10 10 10 
10 10 10 10 10 10 10 10 10 10 10 10 10 10 10 10 10 10 10 10 10 10 10 10 10 10 10 10 10 10 10 10 10 10 10 10 10 10 10 10 10 10 10 10 10 3 0 10 10 10 10 10 10 10 10 10 10 10 
10 10 10 10 10 10 10 10 10 10 10 10 10 10 10 10 10 10 10 10 10 10 10 10 10 10 10 10 10 10 10 10 10 10 10 10 10 10 10 10 10 10 10 10 10 10 10 0 3 10 10 10 10 10 10 10 10 10 
10 10 10 10 10 10 10 10 10 10 10 10 10 10 10 10 10 10 10 10 10 10 10 10 10 10 10 10 10 10 10 10 10 10 10 10 10 10 10 10 10 10 10 10 10 10 10 3 0 10 10 10 10 10 10 10 10 10 
10 10 10 10 10 10 10 10 10 10 10 10 10 10 10 10 10 10 10 10 10 10 10 10 10 10 10 10 10 10 10 10 10 10 10 10 10 10 10 10 10 10 10 10 10 10 10 10 10 0 3 10 10 10 10 10 10 10 
10 10 10 10 10 10 10 10 10 10 10 10 10 10 10 10 10 10 10 10 10 10 10 10 10 10 10 10 10 10 10 10 10 10 10 10 10 10 10 10 10 10 10 10 10 10 10 10 10 3 0 10 10 10 10 10 10 10 
10 10 10 10 10 10 10 10 10 10 10 10 10 10 10 10 10 10 10 10 10 10 10 10 10 10 10 10 10 10 10 10 10 10 10 10 10 10 10 10 10 10 10 10 10 10 10 10 10 10 10 0 3 3 3 3 10 10 
10 10 10 10 10 10 10 10 10 10 10 10 10 10 10 10 10 10 10 10 10 10 10 10 10 10 10 10 10 10 10 10 10 10 10 10 10 10 10 10 10 10 10 10 10 10 10 10 10 10 10 3 0 3 3 3 10 10 
10 10 10 10 10 10 10 10 10 10 10 10 10 10 10 10 10 10 10 10 10 10 10 10 10 10 10 10 10 10 10 10 10 10 10 10 10 10 10 10 10 10 10 10 10 10 10 10 10 10 10 3 3 0 3 3 10 10 
10 10 10 10 10 10 10 10 10 10 10 10 10 10 10 10 10 10 10 10 10 10 10 10 10 10 10 10 10 10 10 10 10 10 10 10 10 10 10 10 10 10 10 10 10 10 10 10 10 10 10 3 3 3 0 3 10 10 
10 10 10 10 10 10 10 10 10 10 10 10 10 10 10 10 10 10 10 10 10 10 10 10 10 10 10 10 10 10 10 10 10 10 10 10 10 10 10 10 10 10 10 10 10 10 10 10 10 10 10 3 3 3 3 0 10 10 
10 10 10 10 10 10 10 10 10 10 10 10 10 10 10 10 10 10 10 10 10 10 10 10 10 10 10 10 10 10 10 10 10 10 10 10 10 10 10 10 10 10 10 10 10 10 10 10 10 10 10 10 10 10 10 10 0 10 
10 10 10 10 10 10 10 10 10 10 10 10 10 10 10 10 10 10 10 10 10 10 10 10 10 10 10 10 10 10 10 10 10 10 10 10 10 10 10 10 10 10 10 10 10 10 10 10 10 10 10 10 10 10 10 10 10 0 
7560 7560 4200 840 -2520 -5880 -9240 -12600 -15960 -20160 -23520 -26880 
7140 7140 4284 714 -2856 -6426 -9996 -12138 -16422 -19992 -23562 -27132 
24570 17010 8190 630 -7560 -16380 -23310 -29610 -37170 -45990 -54180 -62370 
13230 11466 4410 -882 -7938 -14994 -22050 -25578 -32634 -39690 -45864 -52038 
31500 31500 22500 13500 4500 0 -9000 -13500 -22500 -31500 -40500 -45000 
25200 25200 18900 9450 1050 1050 -8400 -10500 -16800 -24150 -30450 -36750 
12348 11466 6174 1764 -2646 -7056 -11466 -16758 -20286 -24696 -29988 -34398 
26100 23925 21750 19575 17400 13050 10875 8700 6525 4350 1740 -870 
17480 17480 13940 12170 10400 6860 5090 1550 -220 -3760 -5884 -8008 
19320 15960 10920 6720 2520 -2520 -4200 -10080 -12600 -17640 -21840 -26880 
18000 18000 18000 18000 14875 9100 3325 -2450 -7400 -18125 -18125 -22250 
3000 3000 3000 3000 2550 750 -1650 -3450 -5250 -8850 -8850 -10050 
8310 5580 510 -4170 -8070 -12360 -17430 -22110 -26010 -30690 -35760 -40050 
4940 4940 0 -2470 -2470 -7410 -9880 -12350 -14820 -17290 -19760 -22230 
-1200 -2400 -4800 -7200 -8400 -12000 -14400 -18000 -19200 -21600 -24000 -26400 
0 -1700 -5100 -6800 -8500 -11900 -13600 -17000 -18700 -22100 -24480 -26860 
62897 51613 42344 31060 20179 9701 -777 -12464 -23345 -31808 -43495 -51958 
37440 36270 31980 27300 23400 17940 16380 10140 7800 3120 -1560 -6630 
8620 7020 3820 1420 -180 -3380 -5780 -8980 -11380 -14580 -16820 -19060 
6085 6085 6085 6085 6085 4660 2785 910 -965 -4715 -4715 -6215 
27664 23712 19760 15808 11856 7904 3952 -1976 -5928 -7904 -11856 -11856 
21450 17433 13416 9399 5382 1365 -2652 -8008 -12025 -16042 -18720 -18720 
30368 26585 22802 17758 13975 10192 5148 1365 -3679 -6201 -9984 -9984 
6840 4680 3240 1800 360 -1440 -3600 -5400 -5400 -7200 -7200 -8280 
4140 2880 2340 1620 900 180 -720 -1800 -2700 -2700 -3600 -4140 
18400 14080 9760 5440 1480 -2480 -7160 -11480 -15800 -19400 -22640 -22640 
360 -720 -1260 -1980 -2520 -3420 -4320 -5220 -6120 -6120 -7200 -7740 
16560 13860 9540 5040 1260 -2700 -7380 -11700 -16200 -19620 -22860 -22860 
4500 2700 -900 -2700 -4500 -8100 -9900 -13500 -15300 -18900 -21240 -23580 
46440 45494 41194 36034 32594 27434 22274 17114 13674 8514 4214 -946 
16598 15298 12698 8798 6198 3598 998 -1602 -4202 -6802 -9402 -12002 
17670 16170 13170 10170 7170 4170 2670 -330 -3330 -6330 -7830 -10830 
21287 10887 4687 -6113 -17713 -28513 -39913 -51913 -63313 -72713 -84713 -93113 
12103 494 -7904 -19019 -30628 -41002 -52117 -63479 -73606 -81757 -92872 -101023 
1653 912 665 -76 -570 -1064 -1805 -2052 -2052 -2299 -2299 -2299 
20300 18200 15400 12600 9800 7000 4200 1400 -1400 -4200 -7000 -9100 
20400 18000 15600 12600 9600 6600 3600 1200 -1800 -4200 -6600 -9600 
20150 18200 15600 12350 9750 6500 3900 1300 -1300 -3900 -6500 -9100 
17400 15000 12600 10200 7200 4200 1200 -1800 -4200 -6600 -9600 -12000 
17600 15200 12800 10400 7200 4000 1600 -1600 -4000 -6400 -8800 -12000 
13500 11700 9000 6300 3600 0 -2700 -5400 -8100 -10800 -13500 -16200 
-24830 -48230 -61750 -84110 -106990 -127790 -150670 -173550 -193830 -213070 -236470 -253110 
2800 2800 1344 1344 616 616 -112 -840 -840 -840 -840 -840 
24180 10920 2340 -9360 -21060 -31980 -43680 -56940 -67860 -77220 -90480 -99840 
42120 30056 24024 11206 -104 -11414 -22724 -35542 -45344 -55146 -67210 -75504 
8400 6300 3900 1500 -1500 -6300 -7800 -10800 -14100 -17100 -19200 -21300 
11865 8265 4215 165 -3435 -7485 -8835 -11535 -15135 -19185 -24135 -27735 
12000 10500 7500 4500 1500 -1500 -4500 -6000 -9000 -12000 -15000 -16500 
14300 11700 10400 6500 3900 1300 -2600 -5200 -7800 -10400 -13000 -15600 
91500 70803 70803 52355 34083 4833 -14121 -39323 -58925 -68341 -77757 -77757 
12000 12000 12000 12000 9000 6000 0 -4500 -7500 -12000 -16500 -16500 
9966 9966 6966 3966 966 -5034 -11034 -17034 -23034 -33534 -33534 -36534 
11700 11700 11500 8500 7000 2500 -500 -5000 -8000 -15500 -15500 -18500 
0 0 0 0 -1500 -4500 -9000 -12000 -16500 -22500 -22500 -25500 
17900 17900 17900 17200 12800 7300 1800 -3700 -9200 -20200 -20200 -24600 
0 0 0 0 -300 -2700 -4300 -5900 -8300 -11500 -11500 -13100 
-1950 -1950 -3450 -4950 -7200 -10950 -14700 -19200 -22950 -29700 -29700 -32700 
6620 6620 5320 3920 1120 -2380 -6580 -10080 -14280 -21280 -21280 -24080 
105 105 105 105 105 105 105 105 105 105 105 105 
105 105 105 105 105 105 105 105 105 105 105 105 
1 2 
1 2 
1 2 
1 2 
1 2 
1 2 
1 2 
1 2 
1 2 
1 0 
1 0 
1 0 
0 2 
0 2 
0 2 
0 2 
0 2 
0 2 
0 2 
0 2 
2 0 
2 0 
2 0 
2 0 
2 0 
2 0 
2 0 
2 0 
2 0 
1 0 
1 0 
1 0 
2 3 
2 3 
2 3 
2 3 
2 3 
2 3 
2 3 
2 3 
2 3 
0 1 
2 1 
2 1 
2 1 
0 2 
0 2 
2 1 
2 1 
0 2 
0 1 
0 1 
0 1 
0 1 
0 1 
0 1 
0 1 
0 2 
