# Description of the instance:
# J number of parts
# K Number of machines
# T Number of periods (weeks)
# Production rate of part j in machine k, r[j,k] matrix. If a machine k is not able to produce part j, the value is 0.
# Changeover time from part i to part j, c[i,j] matrix.
# Inventory position of part j in period t matrix.
# Capacity (number of hours) of machine k in period t matrix.
# Priority for producing part j on machine k matrix. If p[k,j] = 0, then machine k is the preferred machine for part j.
# --- If k is the second preferred machine for producing part j, then p[k,j] = 1, and so on.
#
# A blank line is needed after the header:

77
6
8
0 0 0 672 0 0 
0 0 0 537 0 0 
229 212 0 248 0 0 
131 98 0 268 0 0 
294 0 0 688 0 0 
294 0 0 537 0 0 
147 216 0 0 0 0 
163 216 0 0 0 0 
163 216 0 0 0 0 
0 491 0 772 0 0 
0 475 0 772 0 0 
0 458 0 520 0 0 
0 0 900 0 0 900 
0 0 851 0 0 851 
0 0 753 0 0 753 
0 0 884 0 0 884 
0 0 1359 0 0 1359 
0 0 1244 0 0 1244 
0 0 933 0 0 933 
0 0 851 940 0 0 
0 0 753 753 0 0 
0 0 524 0 0 0 
0 0 0 772 704 704 
0 0 0 772 917 835 
0 0 0 705 737 687 
0 0 0 907 818 818 
0 0 0 0 475 0 
0 0 0 0 475 0 
0 0 0 0 687 0 
0 0 0 0 655 0 
0 0 0 571 720 720 
0 0 0 739 622 622 
0 491 556 0 0 0 
0 425 442 0 0 0 
0 524 503 0 0 0 
0 360 360 0 0 0 
0 720 425 0 0 0 
0 491 360 0 0 0 
0 425 360 0 0 0 
0 491 491 0 0 0 
0 0 687 823 0 0 
0 0 802 823 0 0 
0 0 638 0 638 573 
0 0 524 0 507 524 
0 0 393 0 638 393 
0 0 638 0 638 638 
0 0 737 0 737 737 
0 0 835 0 835 835 
0 0 0 0 0 475 
0 0 655 0 0 655 
0 0 737 0 0 720 
0 0 704 0 0 720 
0 360 0 604 0 0 
0 491 0 772 0 0 
0 491 0 823 0 0 
0 491 0 823 0 0 
0 540 0 789 0 0 
0 540 0 789 0 0 
0 458 0 789 0 0 
0 491 0 840 0 0 
98 245 0 0 0 0 
818 0 0 0 0 0 
818 0 0 0 0 0 
786 0 0 0 0 884 
786 0 0 0 0 884 
0 0 720 0 0 818 
0 0 589 0 0 687 
0 196 0 360 0 0 
0 786 0 0 0 818 
0 720 0 0 0 851 
0 0 0 0 0 851 
0 0 0 0 0 851 
0 0 0 0 0 884 
0 0 0 0 0 524 
0 0 0 0 0 556 
0 0 0 0 0 311 
0 327 0 0 0 327 
0 10 10 10 10 10 10 10 10 10 10 10 10 10 10 10 10 10 10 10 10 10 10 10 10 10 10 10 10 10 10 10 10 10 10 10 10 10 10 10 10 10 10 10 10 10 10 10 10 10 10 10 10 10 10 10 10 10 10 10 10 10 10 10 10 10 10 10 10 10 10 10 10 10 10 10 10 
10 0 10 10 10 10 10 10 10 10 10 10 10 10 10 10 10 10 10 10 10 10 10 10 10 10 10 10 10 10 10 10 10 10 10 10 10 10 10 10 10 10 10 10 10 10 10 10 10 10 10 10 10 10 10 10 10 10 10 10 10 10 10 10 10 10 10 10 10 10 10 10 10 10 10 10 10 
10 10 0 3 10 10 10 10 10 10 10 10 10 10 10 10 10 10 10 10 10 10 10 10 10 10 10 10 10 10 10 10 10 10 10 10 10 10 10 10 10 10 10 10 10 10 10 10 10 10 10 10 10 10 10 10 10 10 10 10 10 10 10 10 10 10 10 10 10 10 10 10 10 10 10 10 10 
10 10 3 0 10 10 10 10 10 10 10 10 10 10 10 10 10 10 10 10 10 10 10 10 10 10 10 10 10 10 10 10 10 10 10 10 10 10 10 10 10 10 10 10 10 10 10 10 10 10 10 10 10 10 10 10 10 10 10 10 10 10 10 10 10 10 10 10 10 10 10 10 10 10 10 10 10 
10 10 10 10 0 10 10 10 10 10 10 10 10 10 10 10 10 10 10 10 10 10 10 10 10 10 10 10 10 10 10 10 10 10 10 10 10 10 10 10 10 10 10 10 10 10 10 10 10 10 10 10 10 10 10 10 10 10 10 10 10 10 10 10 10 10 10 10 10 10 10 10 10 10 10 10 10 
10 10 10 10 10 0 10 10 10 10 10 10 10 10 10 10 10 10 10 10 10 10 10 10 10 10 10 10 10 10 10 10 10 10 10 10 10 10 10 10 10 10 10 10 10 10 10 10 10 10 10 10 10 10 10 10 10 10 10 10 10 10 10 10 10 10 10 10 10 10 10 10 10 10 10 10 10 
10 10 10 10 10 10 0 3 3 10 10 10 10 10 10 10 10 10 10 10 10 10 10 10 10 10 10 10 10 10 10 10 10 10 10 10 10 10 10 10 10 10 10 10 10 10 10 10 10 10 10 10 10 10 10 10 10 10 10 10 10 10 10 10 10 10 10 10 10 10 10 10 10 10 10 10 10 
10 10 10 10 10 10 3 0 3 10 10 10 10 10 10 10 10 10 10 10 10 10 10 10 10 10 10 10 10 10 10 10 10 10 10 10 10 10 10 10 10 10 10 10 10 10 10 10 10 10 10 10 10 10 10 10 10 10 10 10 10 10 10 10 10 10 10 10 10 10 10 10 10 10 10 10 10 
10 10 10 10 10 10 3 3 0 10 10 10 10 10 10 10 10 10 10 10 10 10 10 10 10 10 10 10 10 10 10 10 10 10 10 10 10 10 10 10 10 10 10 10 10 10 10 10 10 10 10 10 10 10 10 10 10 10 10 10 10 10 10 10 10 10 10 10 10 10 10 10 10 10 10 10 10 
10 10 10 10 10 10 10 10 10 0 3 10 10 10 10 10 10 10 10 10 10 10 10 10 10 10 10 10 10 10 10 10 10 10 10 10 10 10 10 10 10 10 10 10 10 10 10 10 10 10 10 10 10 10 10 10 10 10 10 10 10 10 10 10 10 10 10 10 10 10 10 10 10 10 10 10 10 
10 10 10 10 10 10 10 10 10 3 0 10 10 10 10 10 10 10 10 10 10 10 10 10 10 10 10 10 10 10 10 10 10 10 10 10 10 10 10 10 10 10 10 10 10 10 10 10 10 10 10 10 10 10 10 10 10 10 10 10 10 10 10 10 10 10 10 10 10 10 10 10 10 10 10 10 10 
10 10 10 10 10 10 10 10 10 10 10 0 10 10 10 10 10 10 10 10 10 10 10 10 10 10 10 10 10 10 10 10 10 10 10 10 10 10 10 10 10 10 10 10 10 10 10 10 10 10 10 10 10 10 10 10 10 10 10 10 10 10 10 10 10 10 10 10 10 10 10 10 10 10 10 10 10 
10 10 10 10 10 10 10 10 10 10 10 10 0 3 3 3 3 3 3 10 10 10 10 10 10 10 10 10 10 10 10 10 10 10 10 10 10 10 10 10 10 10 10 10 10 10 10 10 10 10 10 10 10 10 10 10 10 10 10 10 10 10 10 10 10 10 10 10 10 10 10 10 10 10 10 10 10 
10 10 10 10 10 10 10 10 10 10 10 10 3 0 3 3 3 3 3 10 10 10 10 10 10 10 10 10 10 10 10 10 10 10 10 10 10 10 10 10 10 10 10 10 10 10 10 10 10 10 10 10 10 10 10 10 10 10 10 10 10 10 10 10 10 10 10 10 10 10 10 10 10 10 10 10 10 
10 10 10 10 10 10 10 10 10 10 10 10 3 3 0 3 3 3 3 10 10 10 10 10 10 10 10 10 10 10 10 10 10 10 10 10 10 10 10 10 10 10 10 10 10 10 10 10 10 10 10 10 10 10 10 10 10 10 10 10 10 10 10 10 10 10 10 10 10 10 10 10 10 10 10 10 10 
10 10 10 10 10 10 10 10 10 10 10 10 3 3 3 0 3 3 3 10 10 10 10 10 10 10 10 10 10 10 10 10 10 10 10 10 10 10 10 10 10 10 10 10 10 10 10 10 10 10 10 10 10 10 10 10 10 10 10 10 10 10 10 10 10 10 10 10 10 10 10 10 10 10 10 10 10 
10 10 10 10 10 10 10 10 10 10 10 10 3 3 3 3 0 3 3 10 10 10 10 10 10 10 10 10 10 10 10 10 10 10 10 10 10 10 10 10 10 10 10 10 10 10 10 10 10 10 10 10 10 10 10 10 10 10 10 10 10 10 10 10 10 10 10 10 10 10 10 10 10 10 10 10 10 
10 10 10 10 10 10 10 10 10 10 10 10 3 3 3 3 3 0 3 10 10 10 10 10 10 10 10 10 10 10 10 10 10 10 10 10 10 10 10 10 10 10 10 10 10 10 10 10 10 10 10 10 10 10 10 10 10 10 10 10 10 10 10 10 10 10 10 10 10 10 10 10 10 10 10 10 10 
10 10 10 10 10 10 10 10 10 10 10 10 3 3 3 3 3 3 0 10 10 10 10 10 10 10 10 10 10 10 10 10 10 10 10 10 10 10 10 10 10 10 10 10 10 10 10 10 10 10 10 10 10 10 10 10 10 10 10 10 10 10 10 10 10 10 10 10 10 10 10 10 10 10 10 10 10 
10 10 10 10 10 10 10 10 10 10 10 10 10 10 10 10 10 10 10 0 3 3 10 10 10 10 10 10 10 10 10 10 10 10 10 10 10 10 10 10 10 10 10 10 10 10 10 10 10 10 10 10 10 10 10 10 10 10 10 10 10 10 10 10 10 10 10 10 10 10 10 10 10 10 10 10 10 
10 10 10 10 10 10 10 10 10 10 10 10 10 10 10 10 10 10 10 3 0 3 10 10 10 10 10 10 10 10 10 10 10 10 10 10 10 10 10 10 10 10 10 10 10 10 10 10 10 10 10 10 10 10 10 10 10 10 10 10 10 10 10 10 10 10 10 10 10 10 10 10 10 10 10 10 10 
10 10 10 10 10 10 10 10 10 10 10 10 10 10 10 10 10 10 10 3 3 0 10 10 10 10 10 10 10 10 10 10 10 10 10 10 10 10 10 10 10 10 10 10 10 10 10 10 10 10 10 10 10 10 10 10 10 10 10 10 10 10 10 10 10 10 10 10 10 10 10 10 10 10 10 10 10 
10 10 10 10 10 10 10 10 10 10 10 10 10 10 10 10 10 10 10 10 10 10 0 3 3 3 10 10 10 10 10 10 10 10 10 10 10 10 10 10 10 10 10 10 10 10 10 10 10 10 10 10 10 10 10 10 10 10 10 10 10 10 10 10 10 10 10 10 10 10 10 10 10 10 10 10 10 
10 10 10 10 10 10 10 10 10 10 10 10 10 10 10 10 10 10 10 10 10 10 3 0 3 3 10 10 10 10 10 10 10 10 10 10 10 10 10 10 10 10 10 10 10 10 10 10 10 10 10 10 10 10 10 10 10 10 10 10 10 10 10 10 10 10 10 10 10 10 10 10 10 10 10 10 10 
10 10 10 10 10 10 10 10 10 10 10 10 10 10 10 10 10 10 10 10 10 10 3 3 0 3 10 10 10 10 10 10 10 10 10 10 10 10 10 10 10 10 10 10 10 10 10 10 10 10 10 10 10 10 10 10 10 10 10 10 10 10 10 10 10 10 10 10 10 10 10 10 10 10 10 10 10 
10 10 10 10 10 10 10 10 10 10 10 10 10 10 10 10 10 10 10 10 10 10 3 3 3 0 10 10 10 10 10 10 10 10 10 10 10 10 10 10 10 10 10 10 10 10 10 10 10 10 10 10 10 10 10 10 10 10 10 10 10 10 10 10 10 10 10 10 10 10 10 10 10 10 10 10 10 
10 10 10 10 10 10 10 10 10 10 10 10 10 10 10 10 10 10 10 10 10 10 10 10 10 10 0 3 3 3 10 10 10 10 10 10 10 10 10 10 10 10 10 10 10 10 10 10 10 10 10 10 10 10 10 10 10 10 10 10 10 10 10 10 10 10 10 10 10 10 10 10 10 10 10 10 10 
10 10 10 10 10 10 10 10 10 10 10 10 10 10 10 10 10 10 10 10 10 10 10 10 10 10 3 0 3 3 10 10 10 10 10 10 10 10 10 10 10 10 10 10 10 10 10 10 10 10 10 10 10 10 10 10 10 10 10 10 10 10 10 10 10 10 10 10 10 10 10 10 10 10 10 10 10 
10 10 10 10 10 10 10 10 10 10 10 10 10 10 10 10 10 10 10 10 10 10 10 10 10 10 3 3 0 3 10 10 10 10 10 10 10 10 10 10 10 10 10 10 10 10 10 10 10 10 10 10 10 10 10 10 10 10 10 10 10 10 10 10 10 10 10 10 10 10 10 10 10 10 10 10 10 
10 10 10 10 10 10 10 10 10 10 10 10 10 10 10 10 10 10 10 10 10 10 10 10 10 10 3 3 3 0 10 10 10 10 10 10 10 10 10 10 10 10 10 10 10 10 10 10 10 10 10 10 10 10 10 10 10 10 10 10 10 10 10 10 10 10 10 10 10 10 10 10 10 10 10 10 10 
10 10 10 10 10 10 10 10 10 10 10 10 10 10 10 10 10 10 10 10 10 10 10 10 10 10 10 10 10 10 0 3 10 10 10 10 10 10 10 10 10 10 10 10 10 10 10 10 10 10 10 10 10 10 10 10 10 10 10 10 10 10 10 10 10 10 10 10 10 10 10 10 10 10 10 10 10 
10 10 10 10 10 10 10 10 10 10 10 10 10 10 10 10 10 10 10 10 10 10 10 10 10 10 10 10 10 10 3 0 10 10 10 10 10 10 10 10 10 10 10 10 10 10 10 10 10 10 10 10 10 10 10 10 10 10 10 10 10 10 10 10 10 10 10 10 10 10 10 10 10 10 10 10 10 
10 10 10 10 10 10 10 10 10 10 10 10 10 10 10 10 10 10 10 10 10 10 10 10 10 10 10 10 10 10 10 10 0 3 3 3 10 10 10 10 10 10 10 10 10 10 10 10 10 10 10 10 10 10 10 10 10 10 10 10 10 10 10 10 10 10 10 10 10 10 10 10 10 10 10 10 10 
10 10 10 10 10 10 10 10 10 10 10 10 10 10 10 10 10 10 10 10 10 10 10 10 10 10 10 10 10 10 10 10 3 0 3 3 10 10 10 10 10 10 10 10 10 10 10 10 10 10 10 10 10 10 10 10 10 10 10 10 10 10 10 10 10 10 10 10 10 10 10 10 10 10 10 10 10 
10 10 10 10 10 10 10 10 10 10 10 10 10 10 10 10 10 10 10 10 10 10 10 10 10 10 10 10 10 10 10 10 3 3 0 3 10 10 10 10 10 10 10 10 10 10 10 10 10 10 10 10 10 10 10 10 10 10 10 10 10 10 10 10 10 10 10 10 10 10 10 10 10 10 10 10 10 
10 10 10 10 10 10 10 10 10 10 10 10 10 10 10 10 10 10 10 10 10 10 10 10 10 10 10 10 10 10 10 10 3 3 3 0 10 10 10 10 10 10 10 10 10 10 10 10 10 10 10 10 10 10 10 10 10 10 10 10 10 10 10 10 10 10 10 10 10 10 10 10 10 10 10 10 10 
10 10 10 10 10 10 10 10 10 10 10 10 10 10 10 10 10 10 10 10 10 10 10 10 10 10 10 10 10 10 10 10 10 10 10 10 0 3 3 3 10 10 10 10 10 10 10 10 10 10 10 10 10 10 10 10 10 10 10 10 10 10 10 10 10 10 10 10 10 10 10 10 10 10 10 10 10 
10 10 10 10 10 10 10 10 10 10 10 10 10 10 10 10 10 10 10 10 10 10 10 10 10 10 10 10 10 10 10 10 10 10 10 10 3 0 3 3 10 10 10 10 10 10 10 10 10 10 10 10 10 10 10 10 10 10 10 10 10 10 10 10 10 10 10 10 10 10 10 10 10 10 10 10 10 
10 10 10 10 10 10 10 10 10 10 10 10 10 10 10 10 10 10 10 10 10 10 10 10 10 10 10 10 10 10 10 10 10 10 10 10 3 3 0 3 10 10 10 10 10 10 10 10 10 10 10 10 10 10 10 10 10 10 10 10 10 10 10 10 10 10 10 10 10 10 10 10 10 10 10 10 10 
10 10 10 10 10 10 10 10 10 10 10 10 10 10 10 10 10 10 10 10 10 10 10 10 10 10 10 10 10 10 10 10 10 10 10 10 3 3 3 0 10 10 10 10 10 10 10 10 10 10 10 10 10 10 10 10 10 10 10 10 10 10 10 10 10 10 10 10 10 10 10 10 10 10 10 10 10 
10 10 10 10 10 10 10 10 10 10 10 10 10 10 10 10 10 10 10 10 10 10 10 10 10 10 10 10 10 10 10 10 10 10 10 10 10 10 10 10 0 3 10 10 10 10 10 10 10 10 10 10 10 10 10 10 10 10 10 10 10 10 10 10 10 10 10 10 10 10 10 10 10 10 10 10 10 
10 10 10 10 10 10 10 10 10 10 10 10 10 10 10 10 10 10 10 10 10 10 10 10 10 10 10 10 10 10 10 10 10 10 10 10 10 10 10 10 3 0 10 10 10 10 10 10 10 10 10 10 10 10 10 10 10 10 10 10 10 10 10 10 10 10 10 10 10 10 10 10 10 10 10 10 10 
10 10 10 10 10 10 10 10 10 10 10 10 10 10 10 10 10 10 10 10 10 10 10 10 10 10 10 10 10 10 10 10 10 10 10 10 10 10 10 10 10 10 0 3 3 10 10 10 10 10 10 10 10 10 10 10 10 10 10 10 10 10 10 10 10 10 10 10 10 10 10 10 10 10 10 10 10 
10 10 10 10 10 10 10 10 10 10 10 10 10 10 10 10 10 10 10 10 10 10 10 10 10 10 10 10 10 10 10 10 10 10 10 10 10 10 10 10 10 10 3 0 3 10 10 10 10 10 10 10 10 10 10 10 10 10 10 10 10 10 10 10 10 10 10 10 10 10 10 10 10 10 10 10 10 
10 10 10 10 10 10 10 10 10 10 10 10 10 10 10 10 10 10 10 10 10 10 10 10 10 10 10 10 10 10 10 10 10 10 10 10 10 10 10 10 10 10 3 3 0 10 10 10 10 10 10 10 10 10 10 10 10 10 10 10 10 10 10 10 10 10 10 10 10 10 10 10 10 10 10 10 10 
10 10 10 10 10 10 10 10 10 10 10 10 10 10 10 10 10 10 10 10 10 10 10 10 10 10 10 10 10 10 10 10 10 10 10 10 10 10 10 10 10 10 10 10 10 0 3 3 10 10 10 10 10 10 10 10 10 10 10 10 10 10 10 10 10 10 10 10 10 10 10 10 10 10 10 10 10 
10 10 10 10 10 10 10 10 10 10 10 10 10 10 10 10 10 10 10 10 10 10 10 10 10 10 10 10 10 10 10 10 10 10 10 10 10 10 10 10 10 10 10 10 10 3 0 3 10 10 10 10 10 10 10 10 10 10 10 10 10 10 10 10 10 10 10 10 10 10 10 10 10 10 10 10 10 
10 10 10 10 10 10 10 10 10 10 10 10 10 10 10 10 10 10 10 10 10 10 10 10 10 10 10 10 10 10 10 10 10 10 10 10 10 10 10 10 10 10 10 10 10 3 3 0 10 10 10 10 10 10 10 10 10 10 10 10 10 10 10 10 10 10 10 10 10 10 10 10 10 10 10 10 10 
10 10 10 10 10 10 10 10 10 10 10 10 10 10 10 10 10 10 10 10 10 10 10 10 10 10 10 10 10 10 10 10 10 10 10 10 10 10 10 10 10 10 10 10 10 10 10 10 0 3 3 10 10 10 10 10 10 10 10 10 10 10 10 10 10 10 10 10 10 10 10 10 10 10 10 10 10 
10 10 10 10 10 10 10 10 10 10 10 10 10 10 10 10 10 10 10 10 10 10 10 10 10 10 10 10 10 10 10 10 10 10 10 10 10 10 10 10 10 10 10 10 10 10 10 10 3 0 3 10 10 10 10 10 10 10 10 10 10 10 10 10 10 10 10 10 10 10 10 10 10 10 10 10 10 
10 10 10 10 10 10 10 10 10 10 10 10 10 10 10 10 10 10 10 10 10 10 10 10 10 10 10 10 10 10 10 10 10 10 10 10 10 10 10 10 10 10 10 10 10 10 10 10 3 3 0 10 10 10 10 10 10 10 10 10 10 10 10 10 10 10 10 10 10 10 10 10 10 10 10 10 10 
10 10 10 10 10 10 10 10 10 10 10 10 10 10 10 10 10 10 10 10 10 10 10 10 10 10 10 10 10 10 10 10 10 10 10 10 10 10 10 10 10 10 10 10 10 10 10 10 10 10 10 0 10 10 10 10 10 10 10 10 10 10 10 10 10 10 10 10 10 10 10 10 10 10 10 10 10 
10 10 10 10 10 10 10 10 10 10 10 10 10 10 10 10 10 10 10 10 10 10 10 10 10 10 10 10 10 10 10 10 10 10 10 10 10 10 10 10 10 10 10 10 10 10 10 10 10 10 10 10 0 3 3 3 3 3 3 3 10 10 10 10 10 10 10 10 10 10 10 10 10 10 10 10 10 
10 10 10 10 10 10 10 10 10 10 10 10 10 10 10 10 10 10 10 10 10 10 10 10 10 10 10 10 10 10 10 10 10 10 10 10 10 10 10 10 10 10 10 10 10 10 10 10 10 10 10 10 3 0 3 3 3 3 3 3 10 10 10 10 10 10 10 10 10 10 10 10 10 10 10 10 10 
10 10 10 10 10 10 10 10 10 10 10 10 10 10 10 10 10 10 10 10 10 10 10 10 10 10 10 10 10 10 10 10 10 10 10 10 10 10 10 10 10 10 10 10 10 10 10 10 10 10 10 10 3 3 0 3 3 3 3 3 10 10 10 10 10 10 10 10 10 10 10 10 10 10 10 10 10 
10 10 10 10 10 10 10 10 10 10 10 10 10 10 10 10 10 10 10 10 10 10 10 10 10 10 10 10 10 10 10 10 10 10 10 10 10 10 10 10 10 10 10 10 10 10 10 10 10 10 10 10 3 3 3 0 3 3 3 3 10 10 10 10 10 10 10 10 10 10 10 10 10 10 10 10 10 
10 10 10 10 10 10 10 10 10 10 10 10 10 10 10 10 10 10 10 10 10 10 10 10 10 10 10 10 10 10 10 10 10 10 10 10 10 10 10 10 10 10 10 10 10 10 10 10 10 10 10 10 3 3 3 3 0 3 3 3 10 10 10 10 10 10 10 10 10 10 10 10 10 10 10 10 10 
10 10 10 10 10 10 10 10 10 10 10 10 10 10 10 10 10 10 10 10 10 10 10 10 10 10 10 10 10 10 10 10 10 10 10 10 10 10 10 10 10 10 10 10 10 10 10 10 10 10 10 10 3 3 3 3 3 0 3 3 10 10 10 10 10 10 10 10 10 10 10 10 10 10 10 10 10 
10 10 10 10 10 10 10 10 10 10 10 10 10 10 10 10 10 10 10 10 10 10 10 10 10 10 10 10 10 10 10 10 10 10 10 10 10 10 10 10 10 10 10 10 10 10 10 10 10 10 10 10 3 3 3 3 3 3 0 3 10 10 10 10 10 10 10 10 10 10 10 10 10 10 10 10 10 
10 10 10 10 10 10 10 10 10 10 10 10 10 10 10 10 10 10 10 10 10 10 10 10 10 10 10 10 10 10 10 10 10 10 10 10 10 10 10 10 10 10 10 10 10 10 10 10 10 10 10 10 3 3 3 3 3 3 3 0 10 10 10 10 10 10 10 10 10 10 10 10 10 10 10 10 10 
10 10 10 10 10 10 10 10 10 10 10 10 10 10 10 10 10 10 10 10 10 10 10 10 10 10 10 10 10 10 10 10 10 10 10 10 10 10 10 10 10 10 10 10 10 10 10 10 10 10 10 10 10 10 10 10 10 10 10 10 0 10 10 10 10 10 10 10 10 10 10 10 10 10 10 10 10 
10 10 10 10 10 10 10 10 10 10 10 10 10 10 10 10 10 10 10 10 10 10 10 10 10 10 10 10 10 10 10 10 10 10 10 10 10 10 10 10 10 10 10 10 10 10 10 10 10 10 10 10 10 10 10 10 10 10 10 10 10 0 3 10 10 10 10 10 10 10 10 10 10 10 10 10 10 
10 10 10 10 10 10 10 10 10 10 10 10 10 10 10 10 10 10 10 10 10 10 10 10 10 10 10 10 10 10 10 10 10 10 10 10 10 10 10 10 10 10 10 10 10 10 10 10 10 10 10 10 10 10 10 10 10 10 10 10 10 3 0 10 10 10 10 10 10 10 10 10 10 10 10 10 10 
10 10 10 10 10 10 10 10 10 10 10 10 10 10 10 10 10 10 10 10 10 10 10 10 10 10 10 10 10 10 10 10 10 10 10 10 10 10 10 10 10 10 10 10 10 10 10 10 10 10 10 10 10 10 10 10 10 10 10 10 10 10 10 0 3 10 10 10 10 10 10 10 10 10 10 10 10 
10 10 10 10 10 10 10 10 10 10 10 10 10 10 10 10 10 10 10 10 10 10 10 10 10 10 10 10 10 10 10 10 10 10 10 10 10 10 10 10 10 10 10 10 10 10 10 10 10 10 10 10 10 10 10 10 10 10 10 10 10 10 10 3 0 10 10 10 10 10 10 10 10 10 10 10 10 
10 10 10 10 10 10 10 10 10 10 10 10 10 10 10 10 10 10 10 10 10 10 10 10 10 10 10 10 10 10 10 10 10 10 10 10 10 10 10 10 10 10 10 10 10 10 10 10 10 10 10 10 10 10 10 10 10 10 10 10 10 10 10 10 10 0 3 10 10 10 10 10 10 10 10 10 10 
10 10 10 10 10 10 10 10 10 10 10 10 10 10 10 10 10 10 10 10 10 10 10 10 10 10 10 10 10 10 10 10 10 10 10 10 10 10 10 10 10 10 10 10 10 10 10 10 10 10 10 10 10 10 10 10 10 10 10 10 10 10 10 10 10 3 0 10 10 10 10 10 10 10 10 10 10 
10 10 10 10 10 10 10 10 10 10 10 10 10 10 10 10 10 10 10 10 10 10 10 10 10 10 10 10 10 10 10 10 10 10 10 10 10 10 10 10 10 10 10 10 10 10 10 10 10 10 10 10 10 10 10 10 10 10 10 10 10 10 10 10 10 10 10 0 10 10 10 10 10 10 10 10 10 
10 10 10 10 10 10 10 10 10 10 10 10 10 10 10 10 10 10 10 10 10 10 10 10 10 10 10 10 10 10 10 10 10 10 10 10 10 10 10 10 10 10 10 10 10 10 10 10 10 10 10 10 10 10 10 10 10 10 10 10 10 10 10 10 10 10 10 10 0 3 10 10 10 10 10 10 10 
10 10 10 10 10 10 10 10 10 10 10 10 10 10 10 10 10 10 10 10 10 10 10 10 10 10 10 10 10 10 10 10 10 10 10 10 10 10 10 10 10 10 10 10 10 10 10 10 10 10 10 10 10 10 10 10 10 10 10 10 10 10 10 10 10 10 10 10 3 0 10 10 10 10 10 10 10 
10 10 10 10 10 10 10 10 10 10 10 10 10 10 10 10 10 10 10 10 10 10 10 10 10 10 10 10 10 10 10 10 10 10 10 10 10 10 10 10 10 10 10 10 10 10 10 10 10 10 10 10 10 10 10 10 10 10 10 10 10 10 10 10 10 10 10 10 10 10 0 3 3 3 3 10 10 
10 10 10 10 10 10 10 10 10 10 10 10 10 10 10 10 10 10 10 10 10 10 10 10 10 10 10 10 10 10 10 10 10 10 10 10 10 10 10 10 10 10 10 10 10 10 10 10 10 10 10 10 10 10 10 10 10 10 10 10 10 10 10 10 10 10 10 10 10 10 3 0 3 3 3 10 10 
10 10 10 10 10 10 10 10 10 10 10 10 10 10 10 10 10 10 10 10 10 10 10 10 10 10 10 10 10 10 10 10 10 10 10 10 10 10 10 10 10 10 10 10 10 10 10 10 10 10 10 10 10 10 10 10 10 10 10 10 10 10 10 10 10 10 10 10 10 10 3 3 0 3 3 10 10 
10 10 10 10 10 10 10 10 10 10 10 10 10 10 10 10 10 10 10 10 10 10 10 10 10 10 10 10 10 10 10 10 10 10 10 10 10 10 10 10 10 10 10 10 10 10 10 10 10 10 10 10 10 10 10 10 10 10 10 10 10 10 10 10 10 10 10 10 10 10 3 3 3 0 3 10 10 
10 10 10 10 10 10 10 10 10 10 10 10 10 10 10 10 10 10 10 10 10 10 10 10 10 10 10 10 10 10 10 10 10 10 10 10 10 10 10 10 10 10 10 10 10 10 10 10 10 10 10 10 10 10 10 10 10 10 10 10 10 10 10 10 10 10 10 10 10 10 3 3 3 3 0 10 10 
10 10 10 10 10 10 10 10 10 10 10 10 10 10 10 10 10 10 10 10 10 10 10 10 10 10 10 10 10 10 10 10 10 10 10 10 10 10 10 10 10 10 10 10 10 10 10 10 10 10 10 10 10 10 10 10 10 10 10 10 10 10 10 10 10 10 10 10 10 10 10 10 10 10 10 0 10 
10 10 10 10 10 10 10 10 10 10 10 10 10 10 10 10 10 10 10 10 10 10 10 10 10 10 10 10 10 10 10 10 10 10 10 10 10 10 10 10 10 10 10 10 10 10 10 10 10 10 10 10 10 10 10 10 10 10 10 10 10 10 10 10 10 10 10 10 10 10 10 10 10 10 10 10 0 
0 0 0 0 0 -8960 -8960 -8960 
6120 6120 6120 6120 6120 -3060 -3060 -3060 
13344 11040 9504 7392 5088 2976 672 -1632 
14960 11792 9680 6864 4048 880 -2464 -5632 
26136 19404 15840 10692 5940 396 -5544 -10692 
1398 -186 -582 -582 -1374 -1770 -2166 -2562 
400 400 -400 -1600 -2800 -4000 -4800 -6000 
4410 3024 252 -2016 -4788 -8568 -11214 -14364 
2380 -1800 -5760 -9720 -13680 -17420 -18300 -21380 
21700 16120 10540 3720 -1860 -8060 -16120 -22940 
20987 16027 6727 -3813 -12493 -21793 -33573 -44113 
51098 46574 37903 28855 21315 13398 3973 -4698 
7560 7560 4200 840 -2520 -5880 -9240 -12600 
7140 7140 4284 714 -2856 -6426 -9996 -12138 
24570 17010 8190 630 -7560 -16380 -23310 -29610 
13230 11466 4410 -882 -7938 -14994 -22050 -25578 
31500 31500 22500 13500 4500 0 -9000 -13500 
25200 25200 18900 9450 1050 1050 -8400 -10500 
12348 11466 6174 1764 -2646 -7056 -11466 -16758 
19320 15960 10920 6720 2520 -2520 -4200 -10080 
18000 18000 18000 18000 14875 9100 3325 -2450 
3000 3000 3000 3000 2550 750 -1650 -3450 
8310 5580 510 -4170 -8070 -12360 -17430 -22110 
4940 4940 0 -2470 -2470 -7410 -9880 -12350 
-1200 -2400 -4800 -7200 -8400 -12000 -14400 -18000 
0 -1700 -5100 -6800 -8500 -11900 -13600 -17000 
42179 30739 22939 11499 -201 -10861 -22041 -34261 
52611 41691 35451 23491 12051 1131 -10309 -22789 
18330 16770 11310 6630 2730 -1560 -6240 -11310 
9670 7430 4070 1830 -410 -3770 -4890 -9370 
62897 51613 42344 31060 20179 9701 -777 -12464 
8620 7020 3820 1420 -180 -3380 -5780 -8980 
27664 23712 19760 15808 11856 7904 3952 -1976 
21450 17433 13416 9399 5382 1365 -2652 -8008 
6840 4680 3240 1800 360 -1440 -3600 -5400 
4140 2880 2340 1620 900 180 -720 -1800 
18400 14080 9760 5440 1480 -2480 -7160 -11480 
360 -720 -1260 -1980 -2520 -3420 -4320 -5220 
16560 13860 9540 5040 1260 -2700 -7380 -11700 
4500 2700 -900 -2700 -4500 -8100 -9900 -13500 
16598 15298 12698 8798 6198 3598 998 -1602 
17670 16170 13170 10170 7170 4170 2670 -330 
21287 10887 4687 -6113 -17713 -28513 -39913 -51913 
12103 494 -7904 -19019 -30628 -41002 -52117 -63479 
1653 912 665 -76 -570 -1064 -1805 -2052 
17400 15000 12600 10200 7200 4200 1200 -1800 
17600 15200 12800 10400 7200 4000 1600 -1600 
13500 11700 9000 6300 3600 0 -2700 -5400 
-24830 -48230 -61750 -84110 -106990 -127790 -150670 -173550 
2800 2800 1344 1344 616 616 -112 -840 
24180 10920 2340 -9360 -21060 -31980 -43680 -56940 
42120 30056 24024 11206 -104 -11414 -22724 -35542 
5049 4752 3861 2970 594 -297 -1485 -2673 
2028 1014 -2028 -5070 -12168 -15210 -18252 -21294 
1224 306 -2448 -4590 -7650 -11322 -14076 -17136 
3000 600 -3600 -7800 -11400 -15600 -16800 -19200 
8580 7590 5280 2970 0 -4620 -5940 -9240 
11700 9750 5850 1950 -2600 -5850 -7800 -10400 
2000 2000 1000 0 -1000 -2000 -3000 -4000 
2136 1068 -2136 -5340 -9612 -12816 -16020 -19224 
18127 16627 13627 10327 6727 127 127 -2873 
21000 16800 11200 7350 1750 -5950 -11200 -17500 
7435 3535 -4265 -12715 -20515 -28315 -30915 -36115 
8400 6300 3900 1500 -1500 -6300 -7800 -10800 
11865 8265 4215 165 -3435 -7485 -8835 -11535 
12000 10500 7500 4500 1500 -1500 -4500 -6000 
14300 11700 10400 6500 3900 1300 -2600 -5200 
5428 4799 -675 -675 -3769 -7101 -10195 -13289 
91500 70803 70803 52355 34083 4833 -14121 -39323 
12000 12000 12000 12000 9000 6000 0 -4500 
9966 9966 6966 3966 966 -5034 -11034 -17034 
11700 11700 11500 8500 7000 2500 -500 -5000 
0 0 0 0 -1500 -4500 -9000 -12000 
17900 17900 17900 17200 12800 7300 1800 -3700 
0 0 0 0 -300 -2700 -4300 -5900 
-1950 -1950 -3450 -4950 -7200 -10950 -14700 -19200 
6620 6620 5320 3920 1120 -2380 -6580 -10080 
105 105 105 105 105 105 105 105 
105 105 105 105 105 105 105 105 
105 105 105 105 105 105 105 105 
105 105 105 105 105 105 105 105 
105 105 105 105 105 105 105 105 
105 105 105 105 105 105 105 105 
0 0 0 1 0 0 
0 0 0 1 0 0 
1 2 0 3 0 0 
1 2 0 3 0 0 
1 0 0 2 0 0 
1 0 0 2 0 0 
2 1 0 0 0 0 
2 1 0 0 0 0 
2 1 0 0 0 0 
0 2 0 1 0 0 
0 2 0 1 0 0 
0 2 0 1 0 0 
0 0 1 0 0 2 
0 0 1 0 0 2 
0 0 1 0 0 2 
0 0 1 0 0 2 
0 0 1 0 0 2 
0 0 1 0 0 2 
0 0 1 0 0 2 
0 0 1 2 0 0 
0 0 1 2 0 0 
0 0 1 2 0 0 
0 0 0 3 1 2 
0 0 0 3 1 2 
0 0 0 3 1 2 
0 0 0 3 1 2 
0 0 0 0 1 0 
0 0 0 0 1 0 
0 0 0 0 1 0 
0 0 0 0 1 0 
0 0 0 1 3 2 
0 0 0 1 3 2 
0 1 2 0 0 0 
0 1 2 0 0 0 
0 1 2 0 0 0 
0 1 2 0 0 0 
0 1 2 0 0 0 
0 1 2 0 0 0 
0 1 2 0 0 0 
0 1 2 0 0 0 
0 0 1 2 0 0 
0 0 1 2 0 0 
0 0 2 0 1 3 
0 0 2 0 1 3 
0 0 2 0 1 3 
0 0 2 0 1 3 
0 0 2 0 1 3 
0 0 2 0 1 3 
0 0 0 0 0 1 
0 0 2 0 0 1 
0 0 2 0 0 1 
0 0 2 0 0 1 
0 2 0 1 0 0 
0 2 0 1 0 0 
0 2 0 1 0 0 
0 2 0 1 0 0 
0 2 0 1 0 0 
0 2 0 1 0 0 
0 2 0 1 0 0 
0 2 0 1 0 0 
2 1 0 0 0 0 
1 0 0 0 0 0 
1 0 0 0 0 0 
1 0 0 0 0 2 
1 0 0 0 0 2 
0 0 2 0 0 1 
0 0 2 0 0 1 
0 2 0 1 0 0 
0 2 0 0 0 2 
0 2 0 0 0 1 
0 2 0 0 0 1 
0 2 0 0 0 1 
0 2 0 0 0 1 
0 2 0 0 0 1 
0 2 0 0 0 1 
0 2 0 0 0 1 
0 1 0 0 0 2 
