# Description of the instance:
# J number of parts
# K Number of machines
# T Number of periods (weeks)
# Production rate of part j in machine k, r[j,k] matrix. If a machine k is not able to produce part j, the value is 0.
# Changeover time from part i to part j, c[i,j] matrix.
# Inventory position of part j in period t matrix.
# Capacity (number of hours) of machine k in period t matrix.
# Priority for producing part j on machine k matrix. If p[k,j] = 0, then machine k is the preferred machine for part j.
# --- If k is the second preferred machine for producing part j, then p[k,j] = 1, and so on.
#
# A blank line is needed after the header:

30
2
6
900 900 
851 851 
753 753 
884 884 
933 933 
851 0 
0 704 
0 835 
0 687 
0 818 
0 622 
503 0 
425 0 
360 0 
360 0 
491 0 
638 573 
524 524 
393 393 
0 475 
737 720 
704 720 
0 884 
0 884 
720 818 
0 851 
0 884 
0 556 
0 311 
0 327 
0 3 3 3 3 10 10 10 10 10 10 10 10 10 10 10 10 10 10 10 10 10 10 10 10 10 10 10 10 10 
3 0 3 3 3 10 10 10 10 10 10 10 10 10 10 10 10 10 10 10 10 10 10 10 10 10 10 10 10 10 
3 3 0 3 3 10 10 10 10 10 10 10 10 10 10 10 10 10 10 10 10 10 10 10 10 10 10 10 10 10 
3 3 3 0 3 10 10 10 10 10 10 10 10 10 10 10 10 10 10 10 10 10 10 10 10 10 10 10 10 10 
3 3 3 3 0 10 10 10 10 10 10 10 10 10 10 10 10 10 10 10 10 10 10 10 10 10 10 10 10 10 
10 10 10 10 10 0 10 10 10 10 10 10 10 10 10 10 10 10 10 10 10 10 10 10 10 10 10 10 10 10 
10 10 10 10 10 10 0 3 3 3 10 10 10 10 10 10 10 10 10 10 10 10 10 10 10 10 10 10 10 10 
10 10 10 10 10 10 3 0 3 3 10 10 10 10 10 10 10 10 10 10 10 10 10 10 10 10 10 10 10 10 
10 10 10 10 10 10 3 3 0 3 10 10 10 10 10 10 10 10 10 10 10 10 10 10 10 10 10 10 10 10 
10 10 10 10 10 10 3 3 3 0 10 10 10 10 10 10 10 10 10 10 10 10 10 10 10 10 10 10 10 10 
10 10 10 10 10 10 10 10 10 10 0 10 10 10 10 10 10 10 10 10 10 10 10 10 10 10 10 10 10 10 
10 10 10 10 10 10 10 10 10 10 10 0 10 10 10 10 10 10 10 10 10 10 10 10 10 10 10 10 10 10 
10 10 10 10 10 10 10 10 10 10 10 10 0 3 3 3 10 10 10 10 10 10 10 10 10 10 10 10 10 10 
10 10 10 10 10 10 10 10 10 10 10 10 3 0 3 3 10 10 10 10 10 10 10 10 10 10 10 10 10 10 
10 10 10 10 10 10 10 10 10 10 10 10 3 3 0 3 10 10 10 10 10 10 10 10 10 10 10 10 10 10 
10 10 10 10 10 10 10 10 10 10 10 10 3 3 3 0 10 10 10 10 10 10 10 10 10 10 10 10 10 10 
10 10 10 10 10 10 10 10 10 10 10 10 10 10 10 10 0 3 3 10 10 10 10 10 10 10 10 10 10 10 
10 10 10 10 10 10 10 10 10 10 10 10 10 10 10 10 3 0 3 10 10 10 10 10 10 10 10 10 10 10 
10 10 10 10 10 10 10 10 10 10 10 10 10 10 10 10 3 3 0 10 10 10 10 10 10 10 10 10 10 10 
10 10 10 10 10 10 10 10 10 10 10 10 10 10 10 10 10 10 10 0 3 10 10 10 10 10 10 10 10 10 
10 10 10 10 10 10 10 10 10 10 10 10 10 10 10 10 10 10 10 3 0 10 10 10 10 10 10 10 10 10 
10 10 10 10 10 10 10 10 10 10 10 10 10 10 10 10 10 10 10 10 10 0 10 10 10 10 10 10 10 10 
10 10 10 10 10 10 10 10 10 10 10 10 10 10 10 10 10 10 10 10 10 10 0 3 10 10 10 10 10 10 
10 10 10 10 10 10 10 10 10 10 10 10 10 10 10 10 10 10 10 10 10 10 3 0 10 10 10 10 10 10 
10 10 10 10 10 10 10 10 10 10 10 10 10 10 10 10 10 10 10 10 10 10 10 10 0 10 10 10 10 10 
10 10 10 10 10 10 10 10 10 10 10 10 10 10 10 10 10 10 10 10 10 10 10 10 10 0 3 3 10 10 
10 10 10 10 10 10 10 10 10 10 10 10 10 10 10 10 10 10 10 10 10 10 10 10 10 3 0 3 10 10 
10 10 10 10 10 10 10 10 10 10 10 10 10 10 10 10 10 10 10 10 10 10 10 10 10 3 3 0 10 10 
10 10 10 10 10 10 10 10 10 10 10 10 10 10 10 10 10 10 10 10 10 10 10 10 10 10 10 10 0 10 
10 10 10 10 10 10 10 10 10 10 10 10 10 10 10 10 10 10 10 10 10 10 10 10 10 10 10 10 10 0 
7560 7560 4200 840 -2520 -5880 
7140 7140 4284 714 -2856 -6426 
24570 17010 8190 630 -7560 -16380 
13230 11466 4410 -882 -7938 -14994 
12348 11466 6174 1764 -2646 -7056 
19320 15960 10920 6720 2520 -2520 
8310 5580 510 -4170 -8070 -12360 
4940 4940 0 -2470 -2470 -7410 
-1200 -2400 -4800 -7200 -8400 -12000 
0 -1700 -5100 -6800 -8500 -11900 
8620 7020 3820 1420 -180 -3380 
6840 4680 3240 1800 360 -1440 
18400 14080 9760 5440 1480 -2480 
360 -720 -1260 -1980 -2520 -3420 
16560 13860 9540 5040 1260 -2700 
4500 2700 -900 -2700 -4500 -8100 
21287 10887 4687 -6113 -17713 -28513 
12103 494 -7904 -19019 -30628 -41002 
1653 912 665 -76 -570 -1064 
-24830 -48230 -61750 -84110 -106990 -127790 
24180 10920 2340 -9360 -21060 -31980 
42120 30056 24024 11206 -104 -11414 
8400 6300 3900 1500 -1500 -6300 
11865 8265 4215 165 -3435 -7485 
12000 10500 7500 4500 1500 -1500 
9966 9966 6966 3966 966 -5034 
0 0 0 0 -1500 -4500 
0 0 0 0 -300 -2700 
-1950 -1950 -3450 -4950 -7200 -10950 
6620 6620 5320 3920 1120 -2380 
105 105 105 105 105 105 
105 105 105 105 105 105 
1 2 
1 2 
1 2 
1 2 
1 2 
1 0 
0 2 
0 2 
0 2 
0 2 
0 2 
2 0 
2 0 
2 0 
2 0 
2 0 
2 3 
2 3 
2 3 
0 1 
2 1 
2 1 
0 2 
0 2 
2 1 
0 1 
0 1 
0 1 
0 1 
0 2 
